64 31.09
64 31.08
64 31.07
64 31.06
64 31.05
64 31.04
64 31.03
64 31.02
64 31.01
64 31.00
64 30.98
64 30.97
64 30.95
64 30.94
64 30.92
64 30.90
64 30.88
64 30.85
64 30.83
64 30.81
64 30.78
64 30.75
64 30.72
64 30.69
64 30.65
57 30.61
57 30.57
57 30.51
57 30.46
57 30.40
57 30.34
57 30.28
57 30.21
57 30.14
57 30.07
57 29.99
57 29.91
57 29.83
57 29.74
57 29.65
57 29.55
57 29.46
57 29.35
57 29.25
57 29.13
57 29.01
57 28.89
57 28.76
57 28.63
57 28.50
57 28.36
57 28.21
57 28.06
57 27.91
57 27.75
57 27.59
57 27.43
57 27.26
57 27.08
57 26.91
57 26.73
57 26.55
57 26.37
57 26.18
57 25.99
57 25.80
57 25.60
57 25.41
57 25.21
57 25.01
57 24.81
57 24.61
57 24.41
57 24.20
57 24.00
57 23.79
57 23.58
57 23.36
57 23.15
57 22.93
57 22.71
57 22.49
57 22.27
57 22.05
57 21.82
57 21.59
57 21.36
57 21.12
57 20.89
57 20.65
57 20.40
57 20.16
57 19.91
57 19.66
57 19.41
57 19.15
57 18.89
57 18.63
57 18.36
57 18.09
57 17.82
57 17.54
57 17.27
57 16.98
57 16.69
57 16.39
57 16.10
57 15.80
57 15.50
57 15.20
57 14.89
57 14.57
57 14.26
57 13.93
57 13.60
57 13.27
57 12.94
57 12.60
57 12.26
57 11.92
57 11.57
57 11.22
57 10.87
57 10.51
57 10.15
57 9.79
56 9.42
56 9.06
56 8.69
56 8.32
56 7.95
56 7.58
56 7.22
56 6.85
56 6.48
56 6.11
56 5.73
56 5.36
56 4.98
56 4.61
56 4.24
56 3.87
56 3.50
56 3.13
56 2.77
56 2.40
56 2.04
56 1.68
56 1.31
56 0.95
56 0.59
56 0.22
56 -0.14
56 -0.50
56 -0.86
56 -1.22
56 -1.58
56 -1.94
56 -2.29
56 -2.65
56 -3.00
56 -3.35
56 -3.70
56 -4.05
56 -4.39
56 -4.73
56 -5.07
56 -5.40
56 -5.72
56 -6.04
56 -6.36
56 -6.67
56 -6.97
56 -7.26
56 -7.55
56 -7.84
56 -8.12
56 -8.39
56 -8.66
56 -8.92
56 -9.17
56 -9.41
56 -9.65
56 -9.88
56 -10.10
56 -10.31
56 -10.51
56 -10.71
56 -10.89
56 -11.07
56 -11.25
56 -11.42
56 -11.58
56 -11.73
56 -11.87
56 -12.00
56 -12.12
56 -12.24
56 -12.34
56 -12.44
56 -12.53
56 -12.61
56 -12.69
56 -12.75
56 -12.81
56 -12.85
56 -12.89
56 -12.92
56 -12.94
56 -12.94
56 -12.94
56 -12.93
56 -12.91
56 -12.88
56 -12.85
56 -12.80
56 -12.75
56 -12.68
56 -12.61
56 -12.53
56 -12.44
56 -12.34
56 -12.23
56 -12.11
56 -11.98
56 -11.84
56 -11.70
57 -11.55
57 -11.39
57 -11.22
57 -11.04
57 -10.85
57 -10.66
57 -10.46
57 -10.26
57 -10.04
57 -9.82
57 -9.60
57 -9.37
57 -9.13
57 -8.88
57 -8.63
57 -8.38
57 -8.12
57 -7.85
57 -7.58
57 -7.31
57 -7.03
57 -6.75
57 -6.47
57 -6.18
57 -5.89
58 -5.60
58 -5.30
58 -5.00
58 -4.70
58 -4.39
58 -4.08
58 -3.77
58 -3.46
58 -3.15
58 -2.83
58 -2.51
58 -2.20
58 -1.88
58 -1.56
58 -1.24
58 -0.92
58 -0.60
58 -0.28
58 0.04
58 0.37
58 0.69
58 1.01
58 1.33
58 1.65
58 1.97
58 2.28
58 2.60
58 2.91
58 3.22
58 3.52
58 3.82
58 4.11
58 4.40
58 4.68
58 4.96
58 5.23
58 5.50
58 5.76
58 6.01
58 6.25
58 6.49
58 6.71
58 6.93
58 7.14
58 7.34
58 7.53
58 7.71
58 7.88
58 8.04
58 8.19
58 8.32
58 8.45
58 8.56
58 8.66
58 8.75
58 8.83
58 8.89
58 8.94
58 8.98
58 9.00
58 9.02
58 9.02
58 9.01
58 8.99
58 8.95
58 8.90
58 8.84
58 8.76
58 8.67
58 8.57
58 8.45
58 8.32
58 8.18
58 8.03
58 7.86
57 7.68
57 7.49
57 7.29
57 7.07
57 6.83
57 6.59
57 6.33
57 6.06
57 5.78
57 5.48
57 5.17
57 4.85
57 4.52
57 4.18
57 3.83
57 3.47
57 3.10
57 2.72
57 2.32
57 1.93
57 1.52
57 1.11
57 0.69
57 0.26
57 -0.16
56 -0.60
56 -1.04
56 -1.48
56 -1.92
56 -2.37
56 -2.82
56 -3.27
56 -3.73
56 -4.18
56 -4.64
56 -5.09
56 -5.54
56 -5.99
56 -6.44
56 -6.89
56 -7.33
56 -7.76
56 -8.20
56 -8.63
56 -9.05
56 -9.47
56 -9.88
56 -10.28
56 -10.68
56 -11.07
55 -11.45
55 -11.83
55 -12.19
55 -12.55
55 -12.89
55 -13.21
55 -13.53
55 -13.83
55 -14.12
55 -14.40
55 -14.67
55 -14.93
55 -15.17
55 -15.40
55 -15.62
55 -15.82
55 -16.01
55 -16.19
55 -16.35
55 -16.50
55 -16.63
55 -16.75
55 -16.86
55 -16.95
55 -17.04
56 -17.10
56 -17.16
56 -17.20
56 -17.22
56 -17.23
56 -17.23
56 -17.22
56 -17.19
56 -17.15
56 -17.10
56 -17.04
56 -16.96
56 -16.87
56 -16.76
56 -16.65
56 -16.52
56 -16.38
56 -16.23
56 -16.06
56 -15.89
56 -15.70
56 -15.51
56 -15.30
56 -15.08
56 -14.85
56 -14.62
57 -14.37
57 -14.12
57 -13.86
57 -13.59
57 -13.32
57 -13.03
57 -12.74
57 -12.44
57 -12.14
57 -11.83
57 -11.52
57 -11.20
57 -10.88
57 -10.55
57 -10.22
57 -9.89
57 -9.55
57 -9.21
57 -8.87
57 -8.54
57 -8.20
57 -7.86
57 -7.51
57 -7.17
57 -6.83
58 -6.49
58 -6.14
58 -5.80
58 -5.46
58 -5.12
58 -4.78
58 -4.44
58 -4.10
58 -3.77
58 -3.43
58 -3.11
58 -2.78
58 -2.46
58 -2.14
58 -1.83
58 -1.51
58 -1.21
58 -0.90
58 -0.60
58 -0.30
58 -0.00
58 0.29
58 0.57
58 0.86
58 1.13
58 1.40
58 1.66
58 1.92
58 2.17
58 2.41
58 2.65
58 2.88
58 3.11
58 3.32
58 3.53
58 3.73
58 3.93
58 4.11
58 4.29
58 4.45
58 4.61
58 4.75
58 4.88
58 5.00
58 5.12
58 5.22
58 5.32
58 5.40
58 5.47
58 5.53
58 5.57
58 5.60
58 5.62
58 5.62
58 5.61
58 5.59
58 5.56
58 5.51
58 5.45
58 5.37
58 5.28
58 5.18
58 5.07
58 4.94
58 4.80
58 4.64
58 4.47
58 4.29
58 4.09
58 3.88
58 3.66
58 3.42
58 3.17
58 2.91
58 2.63
58 2.35
57 2.05
57 1.74
57 1.42
57 1.09
57 0.75
57 0.39
57 0.01
57 -0.37
57 -0.77
57 -1.18
57 -1.59
57 -2.01
57 -2.45
57 -2.89
57 -3.35
57 -3.81
57 -4.29
57 -4.78
57 -5.27
57 -5.77
57 -6.28
57 -6.79
57 -7.31
57 -7.83
57 -8.35
55 -8.87
55 -9.40
55 -9.92
55 -10.44
55 -10.96
55 -11.48
55 -12.00
55 -12.49
55 -12.98
55 -13.45
55 -13.91
55 -14.36
55 -14.80
55 -15.24
55 -15.68
55 -16.10
55 -16.51
55 -16.90
55 -17.26
55 -17.60
55 -17.93
55 -18.24
55 -18.54
55 -18.83
55 -19.12
55 -19.40
55 -19.66
55 -19.89
55 -20.10
55 -20.30
55 -20.48
55 -20.64
55 -20.80
55 -20.96
55 -21.11
55 -21.23
55 -21.34
55 -21.42
55 -21.49
55 -21.55
55 -21.58
55 -21.61
55 -21.62
55 -21.63
55 -21.62
55 -21.60
55 -21.57
55 -21.51
55 -21.44
55 -21.35
57 -21.25
57 -21.14
57 -21.01
57 -20.87
57 -20.72
57 -20.56
57 -20.38
57 -20.19
57 -19.98
57 -19.75
57 -19.51
57 -19.26
57 -19.00
57 -18.72
57 -18.43
57 -18.13
57 -17.81
57 -17.49
57 -17.14
57 -16.79
57 -16.41
57 -16.03
57 -15.63
57 -15.22
57 -14.79
57 -14.36
58 -13.90
58 -13.44
58 -12.96
58 -12.48
58 -12.01
58 -11.63
58 -11.31
58 -10.98
58 -10.56
58 -10.10
58 -9.61
58 -9.13
58 -8.68
58 -8.27
58 -7.94
58 -7.70
58 -7.45
58 -7.20
58 -6.94
58 -6.68
58 -6.41
58 -6.16
58 -5.93
58 -5.72
58 -5.53
58 -5.36
58 -5.21
58 -5.09
58 -4.98
58 -4.90
58 -4.83
58 -4.77
58 -4.73
58 -4.70
58 -4.68
58 -4.68
58 -4.69
58 -4.72
58 -4.77
58 -4.85
58 -4.98
58 -5.13
58 -5.31
58 -5.50
58 -5.68
58 -5.89
58 -6.11
58 -6.34
58 -6.60
58 -6.88
57 -7.17
57 -7.49
57 -7.82
57 -8.16
57 -8.52
57 -8.89
57 -9.27
57 -9.66
57 -10.04
57 -10.41
57 -10.79
57 -11.15
57 -11.49
57 -11.82
57 -12.16
57 -12.50
57 -12.83
57 -13.16
57 -13.48
57 -13.78
57 -14.04
57 -14.28
57 -14.50
57 -14.70
57 -14.90
57 -15.10
55 -15.29
55 -15.47
55 -15.64
55 -15.78
55 -15.90
55 -16.00
55 -16.08
55 -16.15
55 -16.22
55 -16.28
55 -16.32
55 -16.35
55 -16.36
55 -16.35
55 -16.32
55 -16.29
55 -16.24
55 -16.18
55 -16.11
55 -16.03
55 -15.92
55 -15.80
55 -15.66
55 -15.51
55 -15.35
57 -15.18
57 -15.00
57 -14.81
57 -14.60
57 -14.37
57 -14.12
57 -13.85
57 -13.58
57 -13.29
57 -12.99
57 -12.69
57 -12.37
57 -12.03
57 -11.68
57 -11.30
57 -10.91
57 -10.51
57 -10.19
57 -9.96
57 -9.65
57 -9.32
57 -8.97
57 -8.60
57 -8.23
57 -7.86
58 -7.53
58 -7.26
58 -7.04
58 -6.87
58 -6.72
58 -6.58
58 -6.42
58 -6.26
58 -6.07
58 -5.92
58 -5.87
58 -5.87
58 -5.93
58 -5.99
58 -6.04
58 -6.10
58 -6.18
58 -6.26
58 -6.36
58 -6.48
58 -6.62
58 -6.79
58 -6.99
58 -7.23
58 -7.49
57 -7.79
57 -8.10
57 -8.43
57 -8.77
57 -9.12
57 -9.49
57 -9.88
57 -10.28
57 -10.70
57 -11.15
57 -11.59
57 -12.04
57 -12.51
57 -12.99
57 -13.48
57 -13.95
57 -14.41
57 -14.82
57 -15.22
57 -15.66
57 -16.12
57 -16.58
57 -17.04
57 -17.48
57 -17.90
57 -18.28
55 -18.64
55 -18.96
55 -19.28
55 -19.61
55 -19.94
55 -20.27
55 -20.58
55 -20.87
55 -21.12
55 -21.34
55 -21.54
55 -21.73
55 -21.93
55 -22.13
55 -22.33
55 -22.51
55 -22.66
55 -22.79
55 -22.88
55 -22.97
55 -23.04
55 -23.11
55 -23.18
55 -23.23
55 -23.27
56 -23.29
56 -23.29
56 -23.27
56 -23.24
56 -23.20
56 -23.16
56 -23.09
56 -23.02
56 -22.92
56 -22.81
56 -22.70
56 -22.56
56 -22.40
56 -22.23
56 -22.05
56 -21.87
56 -21.67
56 -21.46
56 -21.22
56 -20.97
56 -20.70
56 -20.42
56 -20.12
56 -19.81
56 -19.51
57 -19.18
57 -18.85
57 -18.49
57 -18.12
57 -17.73
57 -17.33
57 -16.92
57 -16.50
57 -16.05
57 -15.60
57 -15.13
57 -14.65
57 -14.16
57 -13.65
57 -13.18
57 -12.82
57 -12.48
57 -12.12
57 -11.65
57 -11.13
57 -10.60
57 -10.06
57 -9.59
57 -9.17
57 -8.86
58 -8.65
58 -8.40
58 -8.14
58 -7.85
58 -7.53
58 -7.22
58 -6.91
58 -6.66
58 -6.47
58 -6.30
58 -6.12
58 -5.95
58 -5.79
58 -5.65
58 -5.52
58 -5.39
58 -5.28
58 -5.18
58 -5.09
58 -5.00
58 -4.91
58 -4.84
58 -4.76
58 -4.70
58 -4.64
58 -4.59
57 -4.56
57 -4.54
57 -4.52
57 -4.52
57 -4.53
57 -4.56
57 -4.61
57 -4.68
57 -4.77
57 -4.91
57 -5.08
57 -5.29
57 -5.51
57 -5.76
57 -6.01
57 -6.30
57 -6.60
57 -6.92
57 -7.25
57 -7.61
57 -8.04
57 -8.49
57 -8.99
57 -9.49
57 -10.00
56 -10.49
56 -10.98
56 -11.47
56 -11.95
56 -12.43
56 -12.92
56 -13.41
56 -13.90
56 -14.39
56 -14.89
56 -15.37
56 -15.84
56 -16.28
56 -16.70
56 -17.10
56 -17.48
56 -17.86
56 -18.23
56 -18.60
56 -18.95
56 -19.28
56 -19.60
56 -19.89
56 -20.17
56 -20.43
55 -20.68
55 -20.91
55 -21.13
55 -21.34
55 -21.54
55 -21.73
55 -21.89
55 -22.05
55 -22.18
55 -22.31
55 -22.42
55 -22.52
55 -22.60
55 -22.66
55 -22.71
55 -22.74
55 -22.76
55 -22.77
55 -22.77
55 -22.76
55 -22.74
55 -22.69
55 -22.63
55 -22.55
55 -22.46
56 -22.35
56 -22.24
56 -22.11
56 -21.97
56 -21.82
56 -21.65
56 -21.46
56 -21.26
56 -21.05
56 -20.83
56 -20.59
56 -20.33
56 -20.06
56 -19.78
56 -19.48
56 -19.17
56 -18.86
