58 27.71
58 27.71
58 27.73
58 27.74
58 27.71
58 27.65
58 27.66
58 27.69
58 27.70
58 27.62
58 27.61
58 27.60
58 27.59
58 27.52
58 27.41
58 27.33
58 27.21
58 27.11
58 27.00
58 27.01
58 26.94
58 26.79
58 26.57
58 26.33
58 26.02
58 25.71
58 25.41
58 25.10
58 24.76
58 24.48
60 24.02
60 23.55
60 23.02
60 22.33
60 21.63
58 20.90
58 19.76
58 18.61
58 17.66
58 16.69
60 15.37
60 14.00
60 12.46
60 11.03
60 9.85
58 8.68
58 7.34
58 5.91
58 4.47
58 2.82
60 1.18
60 -0.19
60 -1.44
60 -2.68
60 -3.80
58 -5.02
58 -6.19
58 -7.21
58 -8.15
58 -9.19
58 -10.35
58 -11.28
58 -11.97
58 -12.96
58 -13.71
60 -14.23
60 -14.80
60 -15.10
60 -15.37
60 -15.67
60 -15.90
60 -16.04
60 -16.15
60 -16.25
60 -16.39
58 -16.60
58 -16.86
58 -17.17
58 -17.48
58 -17.92
58 -18.46
58 -18.83
58 -19.06
58 -19.28
58 -19.47
60 -19.53
60 -19.55
60 -19.60
60 -19.50
60 -19.34
58 -19.32
58 -19.39
58 -19.54
58 -19.64
58 -19.65
58 -19.58
58 -19.60
58 -19.55
58 -19.33
58 -19.11
58 -18.94
58 -18.60
58 -18.25
58 -17.96
58 -17.39
60 -16.95
60 -16.27
60 -15.47
60 -14.76
60 -14.00
58 -13.28
58 -12.61
58 -11.87
58 -10.96
58 -10.09
58 -9.38
58 -8.65
58 -7.75
58 -6.80
58 -5.89
60 -5.04
60 -4.00
60 -2.87
60 -1.68
60 -0.69
58 0.26
58 1.30
58 2.33
58 3.35
58 4.33
60 5.11
60 5.89
60 6.51
60 7.17
60 7.82
60 8.46
60 9.02
60 9.38
60 9.62
60 9.82
58 9.92
58 9.86
58 9.73
58 9.42
58 9.02
60 8.58
60 8.07
60 7.37
60 6.73
60 6.18
60 5.54
60 4.69
60 3.76
60 2.78
60 1.74
58 0.69
58 -0.43
58 -1.54
58 -2.75
58 -3.83
58 -4.77
58 -5.75
58 -6.84
58 -7.87
58 -8.74
58 -9.58
58 -10.42
58 -10.91
58 -11.50
58 -11.93
60 -12.16
60 -12.54
60 -12.70
60 -12.73
60 -12.70
60 -12.65
60 -12.50
60 -12.26
60 -12.11
60 -12.07
60 -12.10
60 -12.15
60 -12.24
60 -12.36
60 -12.51
58 -12.69
58 -12.89
58 -13.07
58 -13.23
58 -13.42
60 -13.71
60 -14.04
60 -14.20
60 -14.22
60 -14.26
58 -14.41
58 -14.64
58 -14.90
58 -15.17
58 -15.47
